43
41
41
35
33
36
39
44
43
43
44
46
42
44
45
50
44
43
49
39
37
38
40
37
38
44
46
45
44
44
44
42
42
39
40
45
40
47
49
48
43
46
41
33
25
33
30
44
45
46
39
42
41
32
32
43
48
51
49
47
50
52
40
44
41
41
40
44
55
46
45
36
38
39
41
44
37
31
35
42
45
48
44
39
47
43
46
50
41
36
37
41
42
33
50
50
38
34
31
34
33
43
42
36
41
39
35
29
37
33
28
44
49
48
46
32
32
29
39
48
50
35
37
34
32
29
26
28
41
38
42
43
42
44
40
42
39
42
46
40
37
34
35
39
37
39
30
39
42
39
38
34
43
48
43
42
40
32
32
33
38
44
46
40
37
36
38
42
32
37
42
45
38
23
21
29
44
46
47
44
47
42
43
34
29
30
30
29
31
39
34
30
37
44
43
36
30
33
41
41
37
43
36
41
39
35
37
34
35
42
44
46
46
46
47
44
32
32
34
47
51
49
39
33
31
38
29
28
33
45
41
38
31
31
32
32
32
33
34
30
38
36
41
35
36
42
46
48
41
31
34
38
43
33
45
38
42
37
47
48
55
49
45
49
39
37
36
33
36
34
33
30
30
27
34
46
49
49
39
42
39
38
23
28
34
36
38
39
36
33
29
29
30
37
36
33
43
46
38
46
50
45
42
40
37
36
33
31
49
55
55
41
51
45
49
52
45
40
37
35
35
31
40
38
46
39
42
42
40
38
41
45
44
46
39
48
46
41
51
54
51
43
41
27
25
38
38
35
41
31
45
44
45
39
42
43
51
46
37
28
27
34
42
43
42
40
39
38
49
47
39
38
46
39
41
35
38
41
41
35
33
42
44
42
32
35
35
40
41
36
35
34
40
46
49
43
43
44
36
38
39
35
36
46
46
37
27
34
34
33
27
35
45
40
34
39
33
50
54
51
39
31
36
42
49
50
47
41
42
32
32
40
39
33
40
35
40
40
37
50
48
44
32
35
45
46
36
39
43
50
41
41
42
38
42
43
37
31
37
37
33
33
37
37
33
39
48
54
48
45
43
41
37
36
35
38
53
49
46
49
48
38
28
30
39
42
42
33
40
39
30
27
31
44
49
46
46
39
31
35
36
32
38
41
36
40
41
48
49
42
35
31
28
31
35
43
42
46
44
48
47
47
42
37
39
42
45
40
30
33
42
48
42
45
42
42
44
49
49
50
49
41
41
41
47
44
37
35
40
42
39
25
31
43
47
34
32
33
32
35
45
50
41
34
35
39
46
46
54
46
48
53
46
44
43
44
43
41
36
37
35
43
47
53
48
39
40
43
38
37
38
46
45
44
43
43
37
38
32
28
42
53
46
37
35
38
43
39
37
41
31
31
28
34
34
34
30
29
38
39
37
42
48
41
47
45
47
39
39
34
39
40
31
36
49
44
39
40
39
50
53
54
36
35
36
44
49
36
33
38
38
40
42
41
45
40
35
30
39
41
41
42
49
55
52
50
42
44
29
35
41
43
42
36
35
38
38
48
49
42
30
29
35
42
44
45
50
43
34
41
37
38
42
38
34
35
45
42
40
39
38
44
39
40
37
40
37
35
35
32
34
35
43
45
40
44
41
38
43
33
38
36
36
41
42
42
42
42
42
49
50
41
44
34
28
31
36
34
40
40
43
41
42
30
44
45
52
45
47
35
43
47
43
41
44
41
45
55
55
46
37
35
31
32
32
34
32
32
37
43
39
41
43
43
49
53
46
44
46
45
37
33
32
40
43
37
43
34
40
41
44
35
36
37
50
43
31
31
34
39
48
52
43
26
25
32
38
42
45
39
46
42
32
29
38
39
38
39
37
41
38
33
38
43
44
44
45
42
48
49
44
38
38
50
46
44
43
39
38
33
32
41
40
37
35
41
38
35
45
38
32
35
42
50
40
40
40
35
40
45
50
42
39
28
28
25
26
32
37
35
33
37
40
34
34
32
38
45
44
51
52
41
37
41
46
50
47
51
41
40
34
38
42
53
45
32
29
32
40
43
44
40
43
40
39
39
38
35
39
40
43
41
43
42
50
52
52
47
40
38
39
49
43
36
43
42
39
34
35
30
35
37
36
37
48
53
42
51
38
37
29
28
30
31
33
35
41
39
30
28
29
31
37
39
46
40
43
37
40
41
43
38
30
36
43
46
41
35
31
27
38
32
44
37
36
37
46
47
39
38
31
36
31
36
43
43
45
45
36
30
28
29
30
33
31
38
38
41
40
37
