85
163
249
340
421
506
592
678
769
835
836
840
850
847
852
844
848
856
840
858
846
835
816
801
801
781
777
765
765
758
761
774
777
777
769
780
782
757
754
748
752
747
749
758
773
766
754
761
763
776
766
769
784
779
752
776
767
780
770
765
788
776
775
795
797
798
818
824
860
850
835
851
822
806
822
817
807
796
769
788
785
773
782
772
772
780
776
780
791
780
793
795
790
804
805
802
812
808
792
804
788
799
798
797
804
801
796
811
833
827
821
811
824
823
826
827
831
833
825
821
836
833
817
797
783
786
775
769
782
781
780
781
797
828
823
812
814
820
800
794
795
793
782
771
764
774
793
768
776
794
794
815
822
807
819
828
810
826
820
810
817
793
791
798
796
788
802
808
804
797
788
799
807
789
785
771
772
778
781
785
792
788
784
822
829
840
817
817
805
800
774
781
775
765
749
747
748
745
742
739
763
774
793
796
822
827
850
837
848
869
870
858
861
867
854
861
855
864
875
865
864
863
865
860
843
832
834
839
834
846
843
840
828
820
818
816
825
809
798
780
775
776
792
789
805
794
766
786
798
802
796
792
777
771
787
794
829
811
825
826
834
836
831
840
811
802
788
777
761
762
781
805
802
809
825
842
828
845
845
843
820
803
800
792
784
784
791
766
755
758
766
762
761
767
784
779
784
800
810
812
798
794
799
792
790
786
801
813
817
820
840
839
842
835
822
833
805
795
796
797
790
803
807
820
823
818
831
836
823
802
817
792
780
778
791
790
787
790
784
800
784
796
805
817
832
827
819
798
805
791
782
773
772
777
752
758
772
793
811
823
828
847
847
821
820
802
796
805
799
808
802
788
799
803
795
818
812
800
800
776
789
800
799
805
816
809
819
843
841
844
822
820
807
798
789
779
792
749
739
753
767
762
768
779
783
782
747
770
775
776
787
796
799
788
798
820
840
847
836
833
822
807
819
832
820
819
817
813
832
853
854
855
828
820
831
816
828
817
823
797
796
811
804
803
798
807
815
829
814
827
841
843
842
867
864
850
832
818
811
810
792
790
807
778
781
794
790
785
786
770
772
771
764
768
762
762
757
767
790
802
803
797
809
817
837
826
833
841
834
825
832
827
803
799
782
791
785
773
773
781
766
769
780
770
763
773
764
771
768
769
766
751
752
763
769
762
772
760
772
792
815
835
840
838
835
822
832
845
839
810
805
810
801
792
794
801
788
786
786
797
808
780
779
791
799
796
791
792
795
796
778
798
807
803
800
819
822
813
804
797
794
806
795
792
783
766
761
779
796
803
817
805
811
824
825
821
834
837
827
820
810
807
800
794
812
822
819
786
787
803
802
802
796
804
808
811
810
816
799
791
800
807
825
800
790
782
794
808
821
805
823
831
826
832
815
819
814
827
825
837
818
795
800
801
813
827
816
805
794
790
794
816
816
825
828
822
823
815
820
806
805
789
787
784
764
747
753
748
741
749
741
747
739
734
749
744
750
750
762
774
780
781
797
809
817
822
821
834
830
840
832
842
823
828
826
825
817
822
824
803
813
791
805
797
790
798
825
824
844
851
840
849
833
832
830
838
809
803
783
782
791
799
811
813
810
795
808
811
819
812
806
797
822
804
815
816
807
808
802
804
806
807
765
775
770
766
766
768
779
775
779
790
804
796
797
822
818
809
793
796
795
797
793
809
808
799
806
814
816
829
835
821
836
817
824
821
819
816
830
808
802
814
793
784
790
782
792
785
758
775
772
772
768
774
768
761
740
743
750
755
748
724
735
757
739
750
771
774
787
769
764
768
784
791
792
783
778
766
752
772
782
805
791
765
779
781
778
777
797
793
803
787
781
790
785
798
800
797
789
795
791
785
800
791
791
788
785
803
785
765
768
785
785
795
804
803
800
780
790
797
782
765
762
770
755
751
749
757
765
747
762
785
792
799
806
814
827
830
823
840
828
818
807
789
791
772
761
766
770
783
789
786
792
798
799
810
829
836
837
825
816
825
829
848
847
842
819
822
816
825
843
833
833
820
822
818
819
808
816
799
802
807
801
802
801
811
822
811
811
812
801
799
809
807
812
814
806
819
822
836
848
852
849
848
834
835
845
826
810
821
796
795
812
811
830
825
818
841
863
850
870
861
832
826
811
810
825
799
788
780
774
783
782
792
807
804
792
809
804
802
801
796
802
806
801
805
806
795
796
808
814
819
802
793
802
804
789
800
805
796
801
801
822
811
805
807
823
832
835
852
832
822
802
796
786
781
768
772
772
770
