11
18
23
36
44
52
61
70
77
85
93
99
105
114
118
129
135
142
153
163
173
182
185
194
206
216
226
232
240
249
258
266
276
285
294
305
316
321
329
340
348
360
370
375
379
388
397
405
413
421
428
435
442
452
459
471
479
488
498
506
516
525
532
542
550
560
569
577
584
592
602
609
616
627
632
644
654
656
667
678
691
695
705
715
726
732
738
749
761
769
773
777
782
791
794
801
810
818
821
835
834
837
840
834
837
832
833
836
835
836
832
831
833
829
835
831
838
838
838
840
838
839
844
845
844
846
845
846
851
850
844
848
846
845
846
843
839
842
841
847
844
843
848
853
854
853
851
853
851
852
851
851
855
854
855
854
851
852
845
844
840
842
843
844
842
844
843
851
850
848
846
850
851
849
855
849
848
859
855
856
852
855
851
848
844
845
849
850
843
840
846
848
850
857
865
865
865
864
865
858
855
853
850
847
846
851
847
847
848
846
852
852
851
855
855
856
848
845
842
835
834
837
833
827
821
816
815
820
819
816
825
824
824
822
821
817
815
815
814
801
802
799
799
800
803
804
804
801
799
801
803
801
796
793
792
788
786
778
782
781
785
781
784
777
777
775
778
770
772
777
773
771
775
774
770
771
770
763
767
765
763
765
768
767
769
770
765
760
760
765
763
765
766
760
752
754
754
753
752
758
759
760
764
768
763
760
765
759
759
761
761
766
771
767
763
768
769
773
772
774
771
767
768
772
774
776
777
775
772
777
773
769
767
769
768
767
773
773
775
777
780
777
766
763
766
766
769
771
773
769
767
766
760
760
758
761
766
776
778
780
779
778
782
786
786
781
783
782
785
782
782
779
772
771
771
769
767
771
762
757
756
757
756
757
756
754
754
750
753
754
756
755
755
752
760
754
752
749
752
748
748
752
748
747
750
757
751
753
756
752
750
752
746
748
748
744
745
745
745
747
746
745
748
749
756
754
751
752
751
749
754
755
758
761
759
764
763
760
755
758
754
758
762
769
768
770
767
770
773
773
771
771
780
782
783
780
780
773
767
766
762
767
759
759
767
768
761
764
755
754
756
758
761
757
757
759
760
754
759
761
763
758
757
757
752
753
762
763
763
763
757
758
754
757
756
761
764
770
773
776
776
767
770
770
766
762
764
770
765
766
769
765
762
767
772
770
768
766
772
769
773
775
778
778
775
780
786
782
781
784
779
783
785
777
776
778
776
777
781
779
779
780
779
772
766
763
762
757
753
752
754
755
751
756
755
758
763
769
776
776
779
774
775
771
773
776
772
767
771
767
768
768
764
772
769
772
772
780
778
780
778
781
782
782
783
781
772
773
775
770
770
775
775
775
770
767
766
771
772
765
765
767
768
774
780
784
783
777
781
788
783
784
784
780
780
780
782
779
771
776
774
776
781
784
783
777
776
776
776
775
783
775
772
785
785
787
790
795
794
795
794
792
796
794
796
794
794
798
795
797
804
808
809
804
809
808
801
800
797
798
801
802
801
805
794
795
804
805
812
818
816
814
823
818
823
824
826
822
826
824
826
828
837
840
845
849
850
859
854
860
860
849
849
848
849
858
854
844
843
850
847
845
847
837
835
836
840
838
836
835
839
833
837
837
840
839
840
847
855
851
854
846
835
829
824
822
818
819
822
822
813
821
817
811
815
813
809
803
805
806
811
814
815
817
818
816
818
820
824
822
822
818
821
820
817
817
814
813
816
817
816
817
814
813
814
808
809
814
810
807
808
806
810
805
800
797
793
795
794
796
796
795
785
783
778
778
779
771
774
769
777
785
790
789
793
783
790
796
794
788
792
796
791
795
795
793
790
789
786
785
784
792
796
796
789
785
786
781
772
773
773
775
778
779
778
777
775
778
780
782
780
773
775
777
774
769
772
771
771
772
781
777
776
778
776
777
777
771
771
772
767
770
774
775
780
778
785
782
784
780
778
779
783
779
777
781
778
781
777
776
776
782
772
779
784
783
782
783
784
780
783
780
779
782
794
792
793
794
792
791
784
783
783
785
787
794
786
778
778
780
789
786
785
788
792
785
788
793
794
793
791
786
785
790
789
796
792
790
800
795
793
796
793
793
799
801
802
795
791
790
793
793
792
786
789
793
793
803
801
804
797
797
797
793
798
803
801
801
803
805
804
800
795
793
791
793
788
801
799
802
801
805
805
813
819
819
821
809
811
812
808
807
806
807
811
814
814
810
809
808
807
810
813
808
797
797
792
791
791
792
796
798
800
798
796
792
798
809
808
804
