4
11
13
18
20
23
28
36
41
44
47
52
56
61
66
70
75
77
82
85
91
93
96
99
101
105
110
114
117
118
124
129
132
135
141
142
149
153
159
163
171
173
175
182
183
185
190
194
200
206
213
216
220
226
229
232
238
240
244
249
255
258
262
266
273
276
282
285
291
294
299
305
310
316
318
321
323
329
332
340
342
348
352
360
364
370
373
375
376
379
387
388
394
397
403
405
408
413
416
421
423
428
432
435
442
442
446
452
455
459
463
471
476
479
485
488
495
498
503
506
511
516
520
525
528
532
536
542
547
550
556
560
563
569
573
577
580
584
586
592
596
602
606
609
613
616
624
627
628
632
636
644
653
654
655
656
662
667
671
678
685
691
693
695
700
705
708
715
721
726
728
732
734
738
743
749
753
761
764
769
771
773
773
777
780
782
785
791
793
794
797
801
806
810
814
818
819
821
828
835
837
834
833
837
840
840
839
834
832
837
836
832
832
833
832
836
834
835
833
836
833
832
833
831
831
833
830
829
830
835
831
831
832
838
836
838
835
838
836
840
834
838
840
839
843
844
845
845
843
844
842
846
846
845
846
846
849
851
849
850
845
844
846
848
846
846
846
845
844
846
846
843
842
839
845
842
844
841
844
847
846
844
845
843
847
848
849
853
854
854
848
853
849
851
851
853
850
851
853
852
854
851
851
851
851
855
853
854
856
855
858
854
854
851
853
852
847
845
845
844
841
840
841
842
843
843
845
844
842
842
840
844
845
843
847
851
851
850
852
848
848
846
846
850
851
851
847
849
855
855
854
849
846
848
853
859
857
855
856
856
855
852
854
855
850
851
851
848
845
844
846
845
849
849
850
850
850
843
843
840
842
846
848
848
848
850
855
857
864
865
868
865
865
865
866
864
866
865
861
858
855
855
859
853
851
850
848
847
848
846
846
851
851
847
849
847
848
848
849
846
850
852
850
852
854
851
854
855
857
855
855
856
853
848
845
845
847
842
840
835
837
834
839
837
833
833
828
827
826
821
821
816
816
815
817
820
815
819
820
816
822
825
821
824
822
824
821
822
822
821
819
817
816
815
810
815
816
814
810
801
804
802
800
799
801
799
805
800
801
803
805
804
806
804
804
801
802
799
801
801
801
803
801
801
799
796
797
793
790
792
787
788
785
786
780
778
780
782
780
781
785
785
782
781
782
784
781
777
775
777
777
775
778
778
772
770
773
772
773
777
777
773
772
771
772
775
779
774
771
770
771
771
769
770
768
763
764
767
767
765
764
763
764
765
772
768
770
767
769
769
768
770
766
765
762
760
758
760
765
765
767
763
766
765
766
766
762
760
753
752
750
754
755
754
750
753
752
752
758
758
760
759
760
760
761
764
766
768
764
763
763
760
761
765
762
759
757
759
759
761
760
761
764
766
769
771
768
767
764
763
767
768
768
769
772
773
772
772
774
774
773
771
766
767
770
768
770
772
771
774
771
776
776
777
776
775
774
772
771
777
772
773
775
769
770
767
764
769
766
768
766
767
766
773
771
773
773
775
777
777
778
780
781
777
768
766
762
763
765
766
764
766
769
769
768
771
775
773
770
769
767
767
768
766
761
760
760
760
759
758
762
761
763
766
773
776
775
778
776
780
782
779
778
778
779
782
784
786
788
786
784
781
781
783
785
782
782
785
783
782
781
782
782
779
776
772
767
771
770
771
770
769
769
767
770
771
767
762
759
757
756
756
753
757
754
756
756
757
756
756
757
754
755
754
752
750
750
753
750
754
756
756
753
755
756
755
756
752
755
760
758
754
750
752
752
749
749
752
747
748
747
748
751
752
750
748
749
747
751
750
753
757
754
751
754
753
756
756
756
752
749
750
750
752
747
746
746
748
748
748
747
744
748
745
746
745
743
745
746
747
744
746
746
745
743
748
749
749
754
756
757
754
754
751
754
752
756
751
752
749
758
754
754
755
754
758
766
761
761
759
764
764
767
763
763
760
756
755
753
758
756
754
753
758
764
762
765
769
773
768
772
770
767
767
769
770
770
773
770
773
775
771
770
771
777
780
781
782
786
783
779
780
781
780
775
773
772
767
771
766
762
762
764
767
766
759
757
759
761
767
767
768
762
761
763
764
760
755
756
754
756
756
755
758
757
761
759
757
757
757
756
759
758
760
756
754
758
759
761
761
762
763
766
758
756
757
757
757
754
752
750
753
761
762
763
763
768
763
763
763
758
757
761
758
756
754
754
757
759
756
756
761
764
764
768
770
772
773
772
776
