101
206
318
421
528
632
743
835
932
1050
1062
1067
1053
1066
1065
1061
1043
1036
1041
1024
990
984
984
964
962
952
958
972
959
954
954
942
947
950
952
971
954
942
938
947
960
977
983
967
961
938
943
955
981
984
1009
989
986
1009
1030
1036
1045
1043
1033
1028
1012
1012
1000
1001
983
971
970
976
984
974
976
981
992
982
973
1003
1020
1013
991
1001
992
1006
989
1008
1010
1007
1009
1017
1026
1006
1016
1030
1047
1040
1043
1039
1021
1018
999
1009
1010
990
996
983
985
978
1003
993
1020
1016
1012
1001
987
981
982
976
965
970
966
986
991
1016
1005
1011
1026
1031
1021
1019
1022
1008
1000
978
1003
1017
988
991
994
1003
979
977
973
993
982
971
989
989
1001
1001
1020
1027
1026
999
983
986
979
967
951
941
935
919
931
955
998
1007
1019
1040
1032
1045
1060
1087
1097
1092
1077
1076
1060
1062
1072
1090
1092
1064
1052
1063
1045
1050
1063
1052
1051
1010
1010
1029
1019
989
991
987
986
988
970
989
986
982
983
990
991
994
990
1001
1029
1030
1015
1019
1034
1022
1016
997
985
975
986
999
1017
1016
1008
1024
1033
1035
1042
1039
1022
994
989
975
955
955
955
959
972
976
975
983
975
991
1002
1003
1006
1003
992
1010
1007
1019
1024
1026
1029
1023
1024
1025
1029
1005
1007
1018
1013
1011
1021
1028
1020
1002
1009
1005
1007
990
1006
999
981
977
984
1000
1002
1038
1031
1018
986
974
980
975
980
993
985
967
974
987
1002
1022
1034
1038
1015
1013
1014
1014
1006
999
1012
995
994
1002
1014
992
997
990
1001
1011
998
1033
1046
1027
1009
1023
1006
1001
984
987
979
954
935
948
983
975
965
959
972
960
981
993
993
1004
1005
1020
1035
1032
1019
1030
1042
1026
1038
1037
1024
1041
1032
1038
1049
1044
1023
1044
1029
1023
1011
992
995
1001
1013
1038
1030
1023
1042
1030
1067
1058
1061
1062
1033
1008
1012
999
989
1004
986
981
977
956
973
972
969
970
971
960
956
975
975
1002
1018
1024
1026
1041
1039
1040
1033
1015
1019
1006
983
979
983
978
958
966
960
954
965
958
973
972
960
935
953
947
953
970
968
1003
1001
1005
1017
1032
1019
1041
1048
1038
1041
1018
1004
987
990
994
1007
995
995
989
982
981
982
983
994
1003
988
989
989
1000
1016
998
1010
1017
1003
994
1002
986
979
987
980
1006
1005
1006
1011
1010
1011
1023
1041
1037
1022
1003
997
1013
1011
1009
1006
1021
999
989
990
1021
1029
1005
990
1001
1015
998
996
1005
1012
998
991
998
1042
1030
1018
1008
1014
1026
1031
1034
1035
1023
996
998
1022
1022
1020
1006
1007
1009
1005
1028
1036
1029
1005
1001
1002
1001
997
969
961
963
929
930
935
936
939
936
925
944
943
942
973
984
999
1012
1005
1023
1020
1037
1044
1043
1034
1041
1019
1023
1035
1012
1022
1003
1015
998
1004
1017
1042
1046
1032
1039
1038
1028
1035
1038
1033
1008
1000
990
1007
999
995
1014
1005
1009
1009
1011
1015
1012
996
1004
1027
1007
998
991
976
979
966
962
988
982
973
987
984
984
1017
1011
1000
1005
996
1006
1000
992
1017
1019
1011
1015
1037
1032
1024
1022
1021
1024
1024
1018
1013
1012
980
990
983
991
984
980
965
981
955
949
951
938
948
944
937
930
933
911
936
951
978
976
962
954
971
979
967
985
966
967
962
983
980
979
963
968
977
987
1006
987
986
966
979
979
995
1007
1001
991
976
981
984
999
990
982
980
974
986
988
1004
997
978
974
971
987
980
965
946
943
943
932
958
965
995
993
1008
1021
1023
1022
1011
1039
1019
1009
974
977
966
972
982
981
990
987
995
1014
1035
1035
1027
1028
1042
1052
1043
1042
1046
1032
1042
1030
1054
1044
1010
1006
1015
1004
1014
1016
1007
1018
999
996
1018
1005
1005
1025
1017
1019
1014
1011
1020
1029
1036
1068
1068
1045
1045
1035
1018
1034
1019
1021
1022
1020
1009
1030
1037
1048
1080
1063
1054
1042
1029
1016
1014
999
990
990
968
986
999
1000
997
985
997
1000
1000
1010
1012
1001
993
998
1008
1008
1002
1022
1018
991
995
986
1018
1021
1009
1017
1020
1010
1030
1047
1038
1030
996
982
979
980
996
996
988
983
1000
994
998
1018
1021
1025
1018
1001
980
984
965
983
998
989
994
997
1000
1006
1012
1009
1033
1029
1046
1039
1043
1040
1036
1045
1057
1033
1022
1004
971
977
979
971
972
954
965
984
987
1008
1027
1039
1035
1041
1041
1054
1046
1044
1052
1064
1060
1037
1047
1048
1035
1021
1015
1020
999
989
974
991
1005
980
979
981
979
978
985
970
972
972
942
952
962
983
976
963
967
965
968
968
976
988
994
994
993
1005
1016
1009
1012
1001
994
974
966
952
955
965
941
971
970
968
976
1000
990
1004
1008
1001
1006
984
992
984
968
945
948
948
949
946
959
989
995
1009
1019
1025
1029
1021
1014
1022
1030
1005
1010
1016
1015
1027
1021
1026
1022
1011
985
979
961
942
940
952
972
996
1008
1033
1015
1036
1031
1039
1053
1034
1027
990
968
948
991
994
999
1003
998
1014
1016
1027
1051
1039
1022
1017
1014
1027
1033
1023
1003
999
1003
1005
1012
1033
1036
1018
1008
1016
1014
1006
992
989
980
960
950
950
934
920
935
949
